ID:1 Tom 捕快 比基尼太阳帽 100 保存时间： 2021-11-22T13:07:37.386015
ID:2 Tom 捕快 只剩一条内裤 900 保存时间： 2021-11-22T13:07:37.415522
ID:3 Tom 捕快 换了一双高跟鞋 1100 保存时间： 2021-11-22T13:07:37.416036
